00111000
00110001
01110010
01100100
01111000
11011000
11010000
11010000
11010000
11010000
11010000
11011100
01111000
01100100
01110010

11100000000
11111000000
10111100000
10001110000
01000111000
00100011100
00010001100
00001001100
00000100110
00000011110
00000111011

00000000000000000111011
00000000000000000010000
00000000000000000100000
00000000000000001000000
00000000000000010000000
00000000000000100010000
00010000000101000110000
00001000000110001110000
00001000000110111100000
11111000000011111000000
00111111111111100000000
00000111111100000000000

